# Dimensionless graviational wave background energy density Omega_GW(f) 
#    1:f [Hz]                 2:Omega_GW(f)        
       1.000000000000e-04       1.553632065496e-22 
       1.023292992281e-04       1.654286379623e-22 
       1.047128548051e-04       1.761422724155e-22 
       1.071519305238e-04       1.875460390245e-22 
       1.096478196143e-04       1.996842310435e-22 
       1.122018454302e-04       2.126038110467e-22 
       1.148153621497e-04       2.263547376135e-22 
       1.174897554940e-04       2.409901799957e-22 
       1.202264434617e-04       2.565667718059e-22 
       1.230268770812e-04       2.731449197436e-22 
       1.258925411794e-04       2.907882231897e-22 
       1.288249551693e-04       3.095652277165e-22 
       1.318256738556e-04       3.295481627257e-22 
       1.348962882592e-04       3.508134432389e-22 
       1.380384264603e-04       3.734440450936e-22 
       1.412537544623e-04       3.975263849042e-22 
       1.445439770746e-04       4.231529635904e-22 
       1.479108388168e-04       4.504227434571e-22 
       1.513561248436e-04       4.794405147992e-22 
       1.548816618912e-04       5.103172505149e-22 
       1.584893192461e-04       5.431722237487e-22 
       1.621810097359e-04       5.781304373015e-22 
       1.659586907438e-04       6.153259368568e-22 
       1.698243652462e-04       6.549018639001e-22 
       1.737800828749e-04       6.970090021900e-22 
       1.778279410039e-04       7.418092127703e-22 
       1.819700858610e-04       7.894723945062e-22 
       1.862087136663e-04       8.401818363010e-22 
       1.905460717963e-04       8.941300297403e-22 
       1.949844599758e-04       9.515235148511e-22 
       1.995262314969e-04       1.012580196985e-21 
       2.041737944670e-04       1.077531762278e-21 
       2.089296130854e-04       1.146622296325e-21 
       2.137962089502e-04       1.220113579895e-21 
       2.187761623950e-04       1.298282933709e-21 
       2.238721138568e-04       1.381428100140e-21 
       2.290867652768e-04       1.469862936141e-21 
       2.344228815320e-04       1.563920315659e-21 
       2.398832919019e-04       1.663957752142e-21 
       2.454708915685e-04       1.770350357811e-21 
       2.511886431510e-04       1.883503856442e-21 
       2.570395782769e-04       2.003837257461e-21 
       2.630267991895e-04       2.131808833852e-21 
       2.691534803927e-04       2.267898920898e-21 
       2.754228703338e-04       2.412618530324e-21 
       2.818382931264e-04       2.566509270598e-21 
       2.884031503127e-04       2.730155848743e-21 
       2.951209226666e-04       2.904161919555e-21 
       3.019951720402e-04       3.089187607344e-21 
       3.090295432514e-04       3.285918897367e-21 
       3.162277660168e-04       3.495098591287e-21 
       3.235936569296e-04       3.717496546980e-21 
       3.311311214826e-04       3.953946442036e-21 
       3.388441561392e-04       4.205324742016e-21 
       3.467368504525e-04       4.472559540346e-21 
       3.548133892336e-04       4.756659319944e-21 
       3.630780547701e-04       5.058668110926e-21 
       3.715352290972e-04       5.379710515293e-21 
       3.801893963206e-04       5.720978152293e-21 
       3.890451449943e-04       6.083725824425e-21 
       3.981071705535e-04       6.469311808813e-21 
       4.073802778041e-04       6.879154322272e-21 
       4.168693834703e-04       7.314766995028e-21 
       4.265795188016e-04       7.777758602282e-21 
       4.365158322402e-04       8.269839622500e-21 
       4.466835921510e-04       8.792820268913e-21 
       4.570881896149e-04       9.348629048208e-21 
       4.677351412872e-04       9.939315692955e-21 
       4.786300923226e-04       1.056703345951e-20 
       4.897788193684e-04       1.123410186644e-20 
       5.011872336273e-04       1.194296065656e-20 
       5.128613839914e-04       1.269620067141e-20 
       5.248074602498e-04       1.349655600994e-20 
       5.370317963703e-04       1.434693439738e-20 
       5.495408738576e-04       1.525043689696e-20 
       5.623413251903e-04       1.621035741143e-20 
       5.754399373372e-04       1.723021372940e-20 
       5.888436553556e-04       1.831366661503e-20 
       6.025595860744e-04       1.946471886532e-20 
       6.165950018615e-04       2.068746250396e-20 
       6.309573444802e-04       2.198640642416e-20 
       6.456542290347e-04       2.336616434983e-20 
       6.606934480076e-04       2.483183161014e-20 
       6.760829753920e-04       2.638862295216e-20 
       6.918309709189e-04       2.804222499992e-20 
       7.079457843841e-04       2.979854624989e-20 
       7.244359600750e-04       3.166392676761e-20 
       7.413102413009e-04       3.364512653963e-20 
       7.585775750292e-04       3.574917569087e-20 
       7.762471166287e-04       3.798373799491e-20 
       7.943282347243e-04       4.035676884077e-20 
       8.128305161641e-04       4.287670034751e-20 
       8.317637711027e-04       4.555243852066e-20 
       8.511380382024e-04       4.839341827533e-20 
       8.709635899561e-04       5.140989498642e-20 
       8.912509381337e-04       5.461254668651e-20 
       9.120108393559e-04       5.801274944873e-20 
       9.332543007970e-04       6.162256594449e-20 
       9.549925860214e-04       6.545470785354e-20 
       9.772372209558e-04       6.952276791112e-20 
       1.000000000000e-03       7.384125091920e-20 
       1.023292992281e-03       7.842520273582e-20 
       1.047128548051e-03       8.329087649012e-20 
       1.071519305238e-03       8.845544862803e-20 
       1.096478196143e-03       9.393704115888e-20 
       1.122018454302e-03       9.975490750130e-20 
       1.148153621497e-03       1.059295198830e-19 
       1.174897554940e-03       1.124824799273e-19 
       1.202264434617e-03       1.194366967724e-19 
       1.230268770812e-03       1.268167281542e-19 
       1.258925411794e-03       1.346479687086e-19 
       1.288249551693e-03       1.429576548347e-19 
       1.318256738556e-03       1.517745053036e-19 
       1.348962882592e-03       1.611289968455e-19 
       1.380384264603e-03       1.710535380168e-19 
       1.412537544623e-03       1.815824291956e-19 
       1.445439770746e-03       1.927521798520e-19 
       1.479108388168e-03       2.046013524860e-19 
       1.513561248436e-03       2.171704820110e-19 
       1.548816618912e-03       2.305032506968e-19 
       1.584893192461e-03       2.446450617453e-19 
       1.621810097359e-03       2.596446505457e-19 
       1.659586907438e-03       2.755536684110e-19 
       1.698243652462e-03       2.924259036132e-19 
       1.737800828749e-03       3.103200046499e-19 
       1.778279410039e-03       3.292963831136e-19 
       1.819700858610e-03       3.494198116397e-19 
       1.862087136663e-03       3.707591438184e-19 
       1.905460717963e-03       3.933865429159e-19 
       1.949844599758e-03       4.173792794427e-19 
       1.995262314969e-03       4.428180303283e-19 
       2.041737944670e-03       4.697885664672e-19 
       2.089296130854e-03       4.983786418077e-19 
       2.137962089502e-03       5.286850864519e-19 
       2.187761623950e-03       5.608097099670e-19 
       2.238721138568e-03       5.948584486714e-19 
       2.290867652768e-03       6.309469077112e-19 
       2.344228815320e-03       6.691943728840e-19 
       2.398832919019e-03       7.097286900555e-19 
       2.454708915685e-03       7.526839880520e-19 
       2.511886431510e-03       7.982031179693e-19 
       2.570395782769e-03       8.464373706638e-19 
       2.630267991895e-03       8.975455883407e-19 
       2.691534803927e-03       9.516974250189e-19 
       2.754228703338e-03       1.009069911236e-18 
       2.818382931264e-03       1.069853826431e-18 
       2.884031503127e-03       1.134248183226e-18 
       2.951209226666e-03       1.202463989619e-18 
       3.019951720402e-03       1.274725694746e-18 
       3.090295432514e-03       1.351268249311e-18 
       3.162277660168e-03       1.432343505429e-18 
       3.235936569296e-03       1.518209401784e-18 
       3.311311214826e-03       1.609140239690e-18 
       3.388441561392e-03       1.705431308456e-18 
       3.467368504525e-03       1.807390746297e-18 
       3.548133892336e-03       1.915349607337e-18 
       3.630780547701e-03       2.029654853131e-18 
       3.715352290972e-03       2.150668766450e-18 
       3.801893963206e-03       2.278782821929e-18 
       3.890451449943e-03       2.414404917379e-18 
       3.981071705535e-03       2.557969457471e-18 
       4.073802778041e-03       2.709932181545e-18 
       4.168693834703e-03       2.870775402812e-18 
       4.265795188016e-03       3.041008605622e-18 
       4.365158322402e-03       3.221174757835e-18 
       4.466835921510e-03       3.411841530001e-18 
       4.570881896149e-03       3.613608249403e-18 
       4.677351412872e-03       3.827113142822e-18 
       4.786300923226e-03       4.053021891651e-18 
       4.897788193684e-03       4.292049156274e-18 
       5.011872336273e-03       4.544942140521e-18 
       5.128613839914e-03       4.812467330891e-18 
       5.248074602498e-03       5.095432965870e-18 
       5.370317963703e-03       5.394714775898e-18 
       5.495408738576e-03       5.711232589669e-18 
       5.623413251903e-03       6.045956200288e-18 
       5.754399373372e-03       6.399912319057e-18 
       5.888436553556e-03       6.774186927502e-18 
       6.025595860744e-03       7.169921978180e-18 
       6.165950018615e-03       7.588315538290e-18 
       6.309573444802e-03       8.030644022544e-18 
       6.456542290347e-03       8.498247536691e-18 
       6.606934480076e-03       8.992537291965e-18 
       6.760829753920e-03       9.515005985209e-18 
       6.918309709189e-03       1.006722797748e-17 
       7.079457843841e-03       1.065085815995e-17 
       7.244359600750e-03       1.126764730996e-17 
       7.413102413009e-03       1.191943892571e-17 
       7.585775750292e-03       1.260816674503e-17 
       7.762471166287e-03       1.333590262172e-17 
       7.943282347243e-03       1.410479561849e-17 
       8.128305161641e-03       1.491701920574e-17 
       8.317637711027e-03       1.577484575653e-17 
       8.511380382024e-03       1.668074605050e-17 
       8.709635899561e-03       1.763735840633e-17 
       8.912509381337e-03       1.864745496884e-17 
       9.120108393559e-03       1.971392689395e-17 
       9.332543007970e-03       2.083983545473e-17 
       9.549925860214e-03       2.202840735015e-17 
       9.772372209558e-03       2.328304263182e-17 
       1.000000000000e-02       2.460729736363e-17 
       1.023292992281e-02       2.600492755496e-17 
       1.047128548051e-02       2.747988698422e-17 
       1.071519305238e-02       2.903638864403e-17 
       1.096478196143e-02       3.067874050308e-17 
       1.122018454302e-02       3.241154422374e-17 
       1.148153621497e-02       3.423972754229e-17 
       1.174897554940e-02       3.616831208094e-17 
       1.202264434617e-02       3.820264885850e-17 
       1.230268770812e-02       4.034844225300e-17 
       1.258925411794e-02       4.261157566423e-17 
       1.288249551693e-02       4.499780012622e-17 
       1.318256738556e-02       4.751302937725e-17 
       1.348962882592e-02       5.016393281034e-17 
       1.380384264603e-02       5.295768024367e-17 
       1.412537544623e-02       5.590151603996e-17 
       1.445439770746e-02       5.900324362069e-17 
       1.479108388168e-02       6.227110589049e-17 
       1.513561248436e-02       6.571346629548e-17 
       1.548816618912e-02       6.933949199712e-17 
       1.584893192461e-02       7.315836262103e-17 
       1.621810097359e-02       7.718019408172e-17 
       1.659586907438e-02       8.141504482524e-17 
       1.698243652462e-02       8.587408367107e-17 
       1.737800828749e-02       9.056832143853e-17 
       1.778279410039e-02       9.551005818179e-17 
       1.819700858610e-02       1.007115556669e-16 
       1.862087136663e-02       1.061861025426e-16 
       1.905460717963e-02       1.119472627433e-16 
       1.949844599758e-02       1.180096149179e-16 
       1.995262314969e-02       1.243881015939e-16 
       2.041737944670e-02       1.310960635210e-16 
       2.089296130854e-02       1.381467368489e-16 
       2.137962089502e-02       1.455566399897e-16 
       2.187761623950e-02       1.533430397706e-16 
       2.238721138568e-02       1.615237011675e-16 
       2.290867652768e-02       1.701176074624e-16 
       2.344228815320e-02       1.791440621473e-16 
       2.398832919019e-02       1.886236088975e-16 
       2.454708915685e-02       1.985777043844e-16 
       2.511886431510e-02       2.090281647167e-16 
       2.570395782769e-02       2.199985897154e-16 
       2.630267991895e-02       2.315131423648e-16 
       2.691534803927e-02       2.435966171618e-16 
       2.754228703338e-02       2.562759019714e-16 
       2.818382931264e-02       2.695781988880e-16 
       2.884031503127e-02       2.835317033905e-16 
       2.951209226666e-02       2.981667870318e-16 
       3.019951720402e-02       3.135146704785e-16 
       3.090295432514e-02       3.296066556865e-16 
       3.162277660168e-02       3.464775010329e-16 
       3.235936569296e-02       3.641510463651e-16 
       3.311311214826e-02       3.826498191936e-16 
       3.388441561392e-02       4.020081257016e-16 
       3.467368504525e-02       4.222622837697e-16 
       3.548133892336e-02       4.434495182028e-16 
       3.630780547701e-02       4.656066017953e-16 
       3.715352290972e-02       4.887737153566e-16 
       3.801893963206e-02       5.129921942161e-16 
       3.890451449943e-02       5.383039959141e-16 
       3.981071705535e-02       5.647523104163e-16 
       4.073802778041e-02       5.923818797135e-16 
       4.168693834703e-02       6.212404626988e-16 
       4.265795188016e-02       6.513765041683e-16 
       4.365158322402e-02       6.828378354184e-16 
       4.466835921510e-02       7.156767993867e-16 
       4.570881896149e-02       7.499459721048e-16 
       4.677351412872e-02       7.856999051917e-16 
       4.786300923226e-02       8.229955696741e-16 
       4.897788193684e-02       8.618918844320e-16 
       5.011872336273e-02       9.024456839457e-16 
       5.128613839914e-02       9.446858155178e-16 
       5.248074602498e-02       9.886349569566e-16 
       5.370317963703e-02       1.034348438858e-15 
       5.495408738576e-02       1.081881212436e-15 
       5.623413251904e-02       1.131292229499e-15 
       5.754399373372e-02       1.182640184986e-15 
       5.888436553556e-02       1.235982539936e-15 
       6.025595860744e-02       1.291380112217e-15 
       6.165950018615e-02       1.348894877378e-15 
       6.309573444802e-02       1.408589078525e-15 
       6.456542290347e-02       1.470525906819e-15 
       6.606934480076e-02       1.534768900785e-15 
       6.760829753920e-02       1.601385748780e-15 
       6.918309709189e-02       1.670438945216e-15 
       7.079457843841e-02       1.741999361763e-15 
       7.244359600750e-02       1.816133531114e-15 
       7.413102413009e-02       1.892907399097e-15 
       7.585775750292e-02       1.972391627116e-15 
       7.762471166287e-02       2.054655726208e-15 
       7.943282347243e-02       2.139771377101e-15 
       8.128305161641e-02       2.227781204390e-15 
       8.317637711027e-02       2.318728453165e-15 
       8.511380382024e-02       2.412678055627e-15 
       8.709635899561e-02       2.509695463684e-15 
       8.912509381337e-02       2.609844050706e-15 
       9.120108393559e-02       2.713188768609e-15 
       9.332543007970e-02       2.819794646366e-15 
       9.549925860214e-02       2.929727183767e-15 
       9.772372209558e-02       3.043047349989e-15 
       1.000000000000e-01       3.159820214339e-15 
       1.023292992281e-01       3.280107918023e-15 
       1.047128548051e-01       3.403972328352e-15 
       1.071519305238e-01       3.531473454781e-15 
       1.096478196143e-01       3.662669596301e-15 
       1.122018454302e-01       3.797621889448e-15 
       1.148153621497e-01       3.936446705821e-15 
       1.174897554940e-01       4.079268022093e-15 
       1.202264434617e-01       4.226151801265e-15 
       1.230268770812e-01       4.377168171102e-15 
       1.258925411794e-01       4.532384037936e-15 
       1.288249551693e-01       4.691863560315e-15 
       1.318256738556e-01       4.855661101247e-15 
       1.348962882592e-01       5.023858756866e-15 
       1.380384264603e-01       5.196509632200e-15 
       1.412537544623e-01       5.373670528934e-15 
       1.445439770746e-01       5.555530292646e-15 
       1.479108388168e-01       5.742278592171e-15 
       1.513561248436e-01       5.934001201236e-15 
       1.548816618912e-01       6.130777624915e-15 
       1.584893192461e-01       6.332687168418e-15 
       1.621810097359e-01       6.539813812896e-15 
       1.659586907438e-01       6.752224723920e-15 
       1.698243652462e-01       6.970002059045e-15 
       1.737800828749e-01       7.193216200308e-15 
       1.778279410039e-01       7.421957607308e-15 
       1.819700858610e-01       7.656575704776e-15 
       1.862087136663e-01       7.897458165486e-15 
       1.905460717963e-01       8.144739803904e-15 
       1.949844599758e-01       8.398536483412e-15 
       1.995262314969e-01       8.658996588417e-15 
       2.041737944670e-01       8.926225340664e-15 
       2.089296130854e-01       9.200355299177e-15 
       2.137962089502e-01       9.481540101010e-15 
       2.187761623950e-01       9.769898781672e-15 
       2.238721138568e-01       1.006556482529e-14 
       2.290867652768e-01       1.036869293525e-14 
       2.344228815320e-01       1.067945678201e-14 
       2.398832919019e-01       1.099796809945e-14 
       2.454708915685e-01       1.132441304262e-14 
       2.511886431510e-01       1.165890953417e-14 
       2.570395782769e-01       1.200159587187e-14 
       2.630267991895e-01       1.235262684373e-14 
       2.691534803927e-01       1.271213439369e-14 
       2.754228703338e-01       1.308025473390e-14 
       2.818382931264e-01       1.345716660439e-14 
       2.884031503127e-01       1.384277742407e-14 
       2.951209226666e-01       1.423699816529e-14 
       3.019951720402e-01       1.463993398671e-14 
       3.090295432514e-01       1.505167388775e-14 
       3.162277660168e-01       1.547236238107e-14 
       3.235936569296e-01       1.590208564341e-14 
       3.311311214826e-01       1.634093539367e-14 
       3.388441561392e-01       1.678902115696e-14 
       3.467368504525e-01       1.724641733157e-14 
       3.548133892336e-01       1.771325941442e-14 
       3.630780547701e-01       1.818853483331e-14 
       3.715352290972e-01       1.867112419062e-14 
       3.801893963206e-01       1.916092183866e-14 
       3.890451449943e-01       1.965788074366e-14 
       3.981071705535e-01       2.016186560479e-14 
       4.073802778041e-01       2.067275108016e-14 
       4.168693834703e-01       2.119039040234e-14 
       4.265795188016e-01       2.171469707539e-14 
       4.365158322402e-01       2.224551207461e-14 
       4.466835921510e-01       2.278267140983e-14 
       4.570881896149e-01       2.332411641488e-14 
       4.677351412872e-01       2.386769987275e-14 
       4.786300923226e-01       2.441295011896e-14 
       4.897788193684e-01       2.495938899934e-14 
       5.011872336273e-01       2.550653513610e-14 
       5.128613839914e-01       2.605394588919e-14 
       5.248074602498e-01       2.660112474003e-14 
       5.370317963703e-01       2.714753470451e-14 
       5.495408738576e-01       2.769265101251e-14 
       5.623413251903e-01       2.823602286029e-14 
       5.754399373372e-01       2.877486581508e-14 
       5.888436553556e-01       2.930622324913e-14 
       6.025595860744e-01       2.982940747365e-14 
       6.165950018615e-01       3.034358492196e-14 
       6.309573444802e-01       3.084796490146e-14 
       6.456542290347e-01       3.134175486894e-14 
       6.606934480076e-01       3.182423220816e-14 
       6.760829753920e-01       3.229464992169e-14 
       6.918309709189e-01       3.275213481010e-14 
       7.079457843841e-01       3.319609145974e-14 
       7.244359600750e-01       3.362343294918e-14 
       7.413102413009e-01       3.403107458581e-14 
       7.585775750292e-01       3.441823622701e-14 
       7.762471166287e-01       3.478402935738e-14 
       7.943282347243e-01       3.512765859168e-14 
       8.128305161641e-01       3.544849969900e-14 
       8.317637711027e-01       3.574581864686e-14 
       8.511380382024e-01       3.601892275463e-14 
       8.709635899561e-01       3.626731323019e-14 
       8.912509381337e-01       3.649039524695e-14 
       9.120108393559e-01       3.668590234713e-14 
       9.332543007970e-01       3.685167244960e-14 
       9.549925860214e-01       3.698731580245e-14 
       9.772372209558e-01       3.709236944013e-14 
       1.000000000000e+00       3.716673715288e-14 
       1.023292992281e+00       3.721011024620e-14 
       1.047128548051e+00       3.722237761739e-14 
       1.071519305238e+00       3.720360283610e-14 
       1.096478196143e+00       3.715378979386e-14 
       1.122018454302e+00       3.707298818740e-14 
       1.148153621497e+00       3.696022064298e-14 
       1.174897554940e+00       3.681445059808e-14 
       1.202264434617e+00       3.663601330590e-14 
       1.230268770812e+00       3.642550316284e-14 
       1.258925411794e+00       3.618340138134e-14 
       1.288249551693e+00       3.591035824917e-14 
       1.318256738556e+00       3.560715249652e-14 
       1.348962882592e+00       3.527451464554e-14 
       1.380384264603e+00       3.491338221553e-14 
       1.412537544623e+00       3.452469499550e-14 
       1.445439770746e+00       3.410856620479e-14 
       1.479108388168e+00       3.366540304474e-14 
       1.513561248436e+00       3.319631754852e-14 
       1.548816618912e+00       3.270259804189e-14 
       1.584893192461e+00       3.218553569761e-14 
       1.621810097359e+00       3.164644959004e-14 
       1.659586907438e+00       3.108675982473e-14 
       1.698243652462e+00       3.050793047100e-14 
       1.737800828749e+00       2.991128333100e-14 
       1.778279410039e+00       2.929841484186e-14 
       1.819700858610e+00       2.867042079608e-14 
       1.862087136663e+00       2.802860089478e-14 
       1.905460717963e+00       2.737442877821e-14 
       1.949844599758e+00       2.670946372795e-14 
       1.995262314969e+00       2.603529460610e-14 
       2.041737944670e+00       2.535337198662e-14 
       2.089296130854e+00       2.466531315998e-14 
       2.137962089502e+00       2.397253694711e-14 
       2.187761623950e+00       2.327647308355e-14 
       2.238721138568e+00       2.257864869038e-14 
       2.290867652768e+00       2.188001049676e-14 
       2.344228815320e+00       2.118162740633e-14 
       2.398832919019e+00       2.048485796789e-14 
       2.454708915685e+00       1.979102774740e-14 
       2.511886431510e+00       1.910143702608e-14 
       2.570395782769e+00       1.841725280830e-14 
       2.630267991895e+00       1.773971371643e-14 
       2.691534803927e+00       1.706982901543e-14 
       2.754228703338e+00       1.640872191351e-14 
       2.818382931264e+00       1.575728637497e-14 
       2.884031503127e+00       1.511649082583e-14 
       2.951209226666e+00       1.448716822252e-14 
       3.019951720402e+00       1.387005615932e-14 
       3.090295432514e+00       1.326590473128e-14 
       3.162277660168e+00       1.267528829647e-14 
       3.235936569296e+00       1.209879931611e-14 
       3.311311214826e+00       1.153690514185e-14 
       3.388441561392e+00       1.099004538299e-14 
       3.467368504525e+00       1.045858259885e-14 
       3.548133892336e+00       9.942801178601e-15 
       3.630780547701e+00       9.442875023367e-15 
       3.715352290972e+00       8.958915850268e-15 
       3.801893963206e+00       8.491071526789e-15 
       3.890451449943e+00       8.039437440382e-15 
       3.981071705535e+00       7.604036617575e-15 
       4.073802778041e+00       7.184870991809e-15 
       4.168693834703e+00       6.781865165280e-15 
       4.265795188016e+00       6.394930633409e-15 
       4.365158322402e+00       6.023896095410e-15 
       4.466835921510e+00       5.668595931152e-15 
       4.570881896149e+00       5.328797340414e-15 
       4.677351412872e+00       5.004258133160e-15 
       4.786300923226e+00       4.694681034524e-15 
       4.897788193684e+00       4.399762363187e-15 
       5.011872336273e+00       4.119158419108e-15 
       5.128613839914e+00       3.852513651481e-15 
       5.248074602498e+00       3.599449744410e-15 
       5.370317963703e+00       3.359576498564e-15 
       5.495408738576e+00       3.132485832944e-15 
       5.623413251904e+00       2.917764559105e-15 
       5.754399373372e+00       2.714975424477e-15 
       5.888436553556e+00       2.523684521680e-15 
       6.025595860744e+00       2.343460244891e-15 
       6.165950018615e+00       2.173867756145e-15 
       6.309573444802e+00       2.014475954615e-15 
       6.456542290347e+00       1.864851351103e-15 
       6.606934480076e+00       1.724565624780e-15 
       6.760829753920e+00       1.593192670829e-15 
       6.918309709189e+00       1.470314837195e-15 
       7.079457843841e+00       1.355518527292e-15 
       7.244359600750e+00       1.248402725783e-15 
       7.413102413009e+00       1.148571956604e-15 
       7.585775750292e+00       1.055641600369e-15 
       7.762471166287e+00       9.692342472334e-16 
       7.943282347243e+00       8.889877736545e-16 
       8.128305161641e+00       8.145492796591e-16 
       8.317637711027e+00       7.455785446817e-16 
       8.511380382024e+00       6.817480942896e-16 
       8.709635899561e+00       6.227431377698e-16 
       8.912509381337e+00       5.682616096109e-16 
       9.120108393559e+00       5.180158757061e-16 
       9.332543007970e+00       4.717297296669e-16 
       9.549925860214e+00       4.291403911706e-16 
       9.772372209558e+00       3.899968676151e-16 
       1.000000000000e+01       3.540618757199e-16 
       1.023292992281e+01       3.211089377228e-16 
