1e-06 3.383 3.931
1.1e-06 3.383 3.931
1.21e-06 3.383 3.931
1.331e-06 3.383 3.931
1.4641e-06 3.383 3.931
1.61051e-06 3.383 3.931
1.77156e-06 3.383 3.931
1.94872e-06 3.383 3.931
2.14359e-06 3.383 3.931
2.35795e-06 3.383 3.931
2.59374e-06 3.383 3.931
2.85312e-06 3.383 3.931
3.13843e-06 3.383 3.931
3.45227e-06 3.383 3.931
3.7975e-06 3.383 3.931
4.17725e-06 3.383 3.931
4.59497e-06 3.383 3.931
5.05447e-06 3.383 3.931
5.55992e-06 3.383 3.931
6.11591e-06 3.383 3.931
6.7275e-06 3.383 3.931
7.40025e-06 3.383 3.931
8.14027e-06 3.383 3.931
8.9543e-06 3.383 3.931
9.84973e-06 3.383 3.931
1.08347e-05 3.383 3.931
1.19182e-05 3.383 3.931
1.311e-05 3.383 3.931
1.4421e-05 3.383 3.931
1.58631e-05 3.383 3.931
1.74494e-05 3.383 3.931
1.91943e-05 3.383 3.931
2.11138e-05 3.383 3.931
2.32252e-05 3.383 3.931
2.55477e-05 3.383 3.931
2.81024e-05 3.38302 3.93102
3.09127e-05 3.3831 3.93109
3.40039e-05 3.38338 3.93135
3.74043e-05 3.38423 3.93213
4.11448e-05 3.38654 3.93424
4.52593e-05 3.39205 3.93929
4.97852e-05 3.40387 3.95015
5.47637e-05 3.42685 3.9713
6.02401e-05 3.46767 4.00897
6.62641e-05 3.53459 4.07088
7.28905e-05 3.63656 4.1654
8.01795e-05 3.78208 4.30049
8.81975e-05 3.97782 4.48229
9.70172e-05 4.22747 4.71406
0.000106719 4.53095 4.99542
0.000117391 4.88418 5.32221
0.00012913 5.27946 5.68695
0.000142043 5.70632 6.07973
0.000156247 6.15258 6.48929
0.000171872 6.60566 6.90418
0.000189059 7.0536 7.31371
0.000207965 7.48597 7.70869
0.000228762 7.89441 8.08182
0.000251638 8.27285 8.42786
0.000276801 8.6175 8.74357
0.000304482 8.92657 9.02745
0.00033493 9.20001 9.27945
0.000368423 9.43904 9.50064
0.000405265 9.64582 9.69288
0.000445792 9.82307 9.85851
0.000490371 9.97383 10.0002
0.000539408 10.1012 10.1206
0.000593349 10.2082 10.2223
0.000652683 10.2977 10.3079
0.000717952 10.3722 10.3796
0.000789747 10.4341 10.4395
0.000868722 10.4854 10.4895
0.000955594 10.5279 10.531
0.00105115 10.563 10.5655
0.00115627 10.592 10.5941
0.0012719 10.6159 10.6179
0.00139908 10.6357 10.6376
0.00153899 10.6521 10.6539
0.00169289 10.6656 10.6675
0.00186218 10.6769 10.6788
0.0020484 10.6862 10.6881
0.00225324 10.694 10.6959
0.00247856 10.7005 10.7024
0.00272642 10.7059 10.7079
0.00299906 10.7105 10.7124
0.00329897 10.7143 10.7162
0.00362887 10.7176 10.7194
0.00399175 10.7203 10.7221
0.00439093 10.7226 10.7244
0.00483002 10.7246 10.7263
0.00531302 10.7263 10.7279
0.00584432 10.7278 10.7293
0.00642876 10.729 10.7305
0.00707163 10.7303 10.7317
0.0077788 10.7317 10.733
0.00855668 10.734 10.7349
0.00941234 10.7382 10.7384
0.0103536 10.7463 10.7452
0.0113889 10.7617 10.758
0.0125278 10.7891 10.7808
0.0137806 10.8345 10.8189
0.0151587 10.9051 10.8785
0.0166745 11.0081 10.9662
0.018342 11.15 11.0883
0.0201762 11.3357 11.2496
0.0221938 11.5671 11.4528
0.0244132 11.8432 11.698
0.0268545 12.1595 11.9825
0.02954 12.509 12.3008
0.032494 12.8826 12.6459
0.0357434 13.2704 13.0091
0.0393177 13.6625 13.3817
0.0432495 14.0505 13.7559
0.0475744 14.428 14.1251
0.0523319 14.7921 14.4857
0.057565 15.1439 14.8372
0.0633215 15.4898 15.1839
0.0696537 15.8428 15.5356
0.0766191 16.2238 15.9092
0.084281 16.6638 16.3303
0.0927091 17.2055 16.8354
0.10198 17.9086 17.4752
0.112178 18.862 18.3253
0.123396 20.2447 19.4426
0.135735 22.7577 21.7097
0.149309 26.5272 25.1273
0.16424 31.0327 29.216
0.180664 35.5777 33.3684
0.19873 39.6879 37.2007
0.218603 43.2099 40.6027
0.240463 46.1902 43.6063
0.26451 48.7423 46.2785
0.290961 50.9775 48.6822
0.320057 52.9829 50.8691
0.352063 54.8205 52.8806
0.387269 56.5322 54.7493
0.425996 58.1456 56.5004
0.468595 59.6785 58.1523
0.515455 61.1423 59.7186
0.567 62.5441 61.209
0.6237 63.8881 62.6304
0.68607 65.1766 63.9874
0.754677 66.4111 65.2833
0.830145 67.5919 66.5203
0.91316 68.7192 67.6999
1.00448 69.7929 68.8229
1.10492 70.8127 69.8902
1.21542 71.7784 70.9021
1.33696 72.6899 71.8591
1.47065 73.5472 72.7615
1.61772 74.3502 73.6095
1.77949 75.0993 74.4036
1.95744 75.7947 75.1441
2.15318 76.4371 75.8315
2.3685 77.0269 76.4664
2.60535 77.565 77.0493
2.86589 78.0523 77.581
3.15247 78.4898 78.0621
3.46772 78.8787 78.4937
3.81449 79.2204 78.8767
4.19594 79.5163 79.2122
4.61554 79.7683 79.5016
5.07709 79.9782 79.7464
5.5848 80.1484 79.9485
6.14328 80.2816 80.1101
6.75761 80.3811 80.234
7.43337 80.4508 80.3236
8.17671 80.4956 80.3831
8.99438 80.5214 80.418
9.89382 80.5357 80.4351
10.8832 80.5477 80.4429
11.9715 80.5688 80.4523
13.1687 80.6127 80.4765
14.4855 80.6962 80.5318
15.9341 80.839 80.6376
17.5275 81.0633 80.8163
19.2802 81.3936 81.093
21.2083 81.8553 81.4937
23.3291 82.472 82.0439
25.662 83.2629 82.7651
28.2282 84.2392 83.6712
31.051 85.4 84.7651
34.1561 86.7305 86.0351
37.5717 88.2004 87.4545
41.3289 89.7668 88.983
45.4618 91.3784 90.5709
50.008 92.9815 92.1652
55.0088 94.5268 93.7158
60.5097 95.974 95.181
66.5606 97.2947 96.5301
73.2167 98.4727 97.7448
80.5384 99.5028 98.8172
88.5922 100.388 99.7486
97.4514 101.138 100.546
107.197 101.766 101.222
117.916 102.285 101.788
129.708 102.711 102.259
142.679 103.056 102.648
156.947 103.335 102.967
172.641 103.557 103.227
189.905 103.733 103.437
208.896 103.871 103.607
229.785 103.977 103.743
252.764 104.058 103.851
278.04 104.119 103.936
305.844 104.163 104.003
336.429 104.195 104.054
370.072 104.215 104.093
407.079 104.228 104.122
447.787 104.234 104.142
492.565 104.235 104.157
541.822 104.233 104.166
596.004 104.228 104.171
655.605 104.22 104.173
721.165 104.212 104.173
793.281 104.202 104.17
872.61 104.193 104.167
959.871 104.183 104.163
1055.86 104.173 104.158
1161.44 104.163 104.152
1277.59 104.154 104.147
1405.35 104.146 104.142
1545.88 104.138 104.137
1700.47 104.131 104.132
1870.52 104.125 104.128
2057.57 104.12 104.124
2263.32 104.115 104.121
2489.66 104.112 104.118
2738.62 104.109 104.116
3012.49 104.106 104.114
3313.73 104.105 104.113
3645.11 104.104 104.113
4009.62 104.104 104.113
4410.58 104.105 104.113
4851.64 104.106 104.115
5336.8 104.108 104.116
5870.48 104.111 104.118
6457.53 104.114 104.121
7103.28 104.117 104.124
7813.61 104.121 104.128
8594.97 104.126 104.131
9454.47 104.131 104.136
10399.9 104.136 104.14
11439.9 104.142 104.145
12583.9 104.148 104.151
13842.3 104.154 104.156
15226.5 104.161 104.162
16749.2 104.167 104.168
18424.1 104.174 104.175
20266.5 104.182 104.181
22293.1 104.189 104.188
24522.5 104.197 104.195
26974.7 104.205 104.202
29672.2 104.213 104.21
32639.4 104.221 104.217
35903.3 104.229 104.225
39493.7 104.237 104.233
43443 104.246 104.24
47787.3 104.254 104.248
52566.1 104.263 104.256
57822.7 104.271 104.264
63604.9 104.28 104.273
69965.4 104.289 104.281
76962 104.297 104.289
84658.2 104.306 104.297
93124 104.315 104.305
102436 104.323 104.314
112680 104.332 104.322
123948 104.341 104.33
136343 104.349 104.339
149977 104.358 104.347
164975 104.366 104.355
181472 104.375 104.363
199620 104.383 104.372
219581 104.391 104.38
241540 104.4 104.388
265694 104.408 104.396
292263 104.416 104.404
321489 104.424 104.412
353638 104.432 104.42
389002 104.44 104.428
427902 104.448 104.436
470692 104.456 104.444
517762 104.464 104.451
569538 104.471 104.459
626492 104.479 104.467
689141 104.486 104.474
758055 104.494 104.482
833860 104.501 104.489
917246 104.508 104.497
1.00897e+06 104.516 104.504
1.10987e+06 104.523 104.511
1.22085e+06 104.53 104.518
1.34294e+06 104.536 104.525
1.47723e+06 104.543 104.532
1.62496e+06 104.55 104.539
1.78745e+06 104.557 104.546
1.9662e+06 104.563 104.553
2.16282e+06 104.57 104.559
2.3791e+06 104.576 104.566
2.61701e+06 104.582 104.572
2.87871e+06 104.589 104.579
3.16658e+06 104.595 104.585
3.48324e+06 104.601 104.591
3.83157e+06 104.607 104.598
4.21472e+06 104.613 104.604
4.63619e+06 104.618 104.61
5.09981e+06 104.624 104.616
5.6098e+06 104.63 104.622
6.17078e+06 104.635 104.628
6.78785e+06 104.641 104.633
7.46664e+06 104.646 104.639
8.2133e+06 104.651 104.645
9.03463e+06 104.657 104.65
9.93809e+06 104.662 104.656
1.09319e+07 104.667 104.661
1.20251e+07 104.672 104.667
1.32276e+07 104.677 104.672
1.45504e+07 104.682 104.677
1.60054e+07 104.686 104.682
1.76059e+07 104.691 104.687
1.93665e+07 104.696 104.692
2.13032e+07 104.7 104.697
2.34335e+07 104.705 104.702
2.57769e+07 104.709 104.707
2.83545e+07 104.714 104.712
3.119e+07 104.718 104.716
3.4309e+07 104.722 104.721
3.77399e+07 104.727 104.726
4.15139e+07 104.731 104.73
4.56653e+07 104.735 104.735
5.02318e+07 104.739 104.739
5.5255e+07 104.743 104.743
6.07805e+07 104.747 104.748
6.68585e+07 104.75 104.752
7.35444e+07 104.754 104.756
8.08988e+07 104.758 104.76
8.89887e+07 104.762 104.764
9.78876e+07 104.765 104.768
1.07676e+08 104.769 104.772
1.18444e+08 104.772 104.776
1.30288e+08 104.776 104.78
1.43317e+08 104.779 104.784
1.57649e+08 104.783 104.788
1.73414e+08 104.786 104.791
1.90755e+08 104.789 104.795
2.09831e+08 104.793 104.799
2.30814e+08 104.796 104.802
2.53895e+08 104.799 104.806
2.79285e+08 104.802 104.809
3.07213e+08 104.805 104.813
3.37934e+08 104.808 104.816
3.71728e+08 104.811 104.82
4.08901e+08 104.814 104.823
4.49791e+08 104.817 104.826
4.9477e+08 104.82 104.83
5.44247e+08 104.823 104.833
5.98672e+08 104.826 104.836
6.58539e+08 104.828 104.839
7.24393e+08 104.831 104.842
7.96832e+08 104.834 104.845
8.76515e+08 104.836 104.849
9.64166e+08 104.839 104.852
1.06058e+09 104.842 104.855
1.16664e+09 104.844 104.858
1.28331e+09 104.847 104.861
1.41164e+09 104.849 104.863
1.5528e+09 104.852 104.866
1.70808e+09 104.854 104.869
1.87889e+09 104.857 104.872
2.06678e+09 104.859 104.875
2.27345e+09 104.862 104.878
2.5008e+09 104.864 104.88
2.75088e+09 104.866 104.883
3.02597e+09 104.869 104.886
3.32856e+09 104.871 104.889
3.66142e+09 104.873 104.891
4.02756e+09 104.875 104.894
4.43032e+09 104.878 104.896
4.87335e+09 104.88 104.899
5.36069e+09 104.882 104.902
5.89675e+09 104.884 104.904
6.48643e+09 104.886 104.907
7.13507e+09 104.889 104.909
7.84858e+09 104.891 104.912
8.63344e+09 104.893 104.914
9.49678e+09 104.895 104.917
1.04465e+10 104.897 104.919
1.14911e+10 104.899 104.922
1.26402e+10 104.901 104.924
1.39042e+10 104.903 104.926
1.52947e+10 104.905 104.929
1.68241e+10 104.907 104.931
1.85065e+10 104.909 104.933
2.03572e+10 104.911 104.936
2.23929e+10 104.913 104.938
2.46322e+10 104.915 104.94
2.70954e+10 104.917 104.943
2.9805e+10 104.919 104.945
3.27855e+10 104.921 104.947
3.6064e+10 104.923 104.95
3.96704e+10 104.925 104.952
4.36375e+10 104.927 104.954
4.80012e+10 104.928 104.956
5.28013e+10 104.93 104.959
5.80815e+10 104.932 104.961
6.38896e+10 104.934 104.963
7.02786e+10 104.936 104.965
7.73064e+10 104.938 104.968
8.50371e+10 104.94 104.97
9.35408e+10 104.942 104.972
1.02895e+11 104.943 104.974
1.13184e+11 104.945 104.976
1.24503e+11 104.947 104.978
1.36953e+11 104.949 104.981
1.50648e+11 104.951 104.983
1.65713e+11 104.953 104.985
1.82284e+11 104.954 104.987
2.00513e+11 104.956 104.989
2.20564e+11 104.958 104.991
2.42621e+11 104.96 104.994
2.66883e+11 104.962 104.996
2.93571e+11 104.964 104.998
3.22928e+11 104.965 105
3.55221e+11 104.967 105.002
3.90743e+11 104.969 105.004
4.29817e+11 104.971 105.007
4.72799e+11 104.973 105.009
5.20079e+11 104.975 105.011
5.72087e+11 104.976 105.013
6.29295e+11 104.978 105.015
6.92225e+11 104.98 105.017
7.61448e+11 104.982 105.019
8.37592e+11 104.984 105.022
9.21352e+11 104.986 105.024
1.01349e+12 104.988 105.026
1.11484e+12 104.989 105.028
1.22632e+12 104.991 105.03
1.34895e+12 104.993 105.032
1.48385e+12 104.995 105.035
1.63223e+12 104.997 105.037
1.79545e+12 104.999 105.039
1.975e+12 105.001 105.041
2.1725e+12 105.003 105.043
2.38975e+12 105.004 105.045
2.62872e+12 105.006 105.048
2.8916e+12 105.008 105.05
3.18076e+12 105.01 105.052
3.49883e+12 105.012 105.054
3.84871e+12 105.014 105.056
4.23359e+12 105.016 105.059
4.65694e+12 105.018 105.061
5.12264e+12 105.02 105.063
5.6349e+12 105.022 105.065
6.19839e+12 105.024 105.068
6.81823e+12 105.026 105.07
7.50005e+12 105.028 105.072
8.25006e+12 105.03 105.074
9.07507e+12 105.032 105.077
9.98257e+12 105.034 105.079
1.09808e+13 105.036 105.081
1.20789e+13 105.038 105.084
1.32868e+13 105.04 105.086
1.46155e+13 105.042 105.088
1.6077e+13 105.044 105.091
1.76847e+13 105.046 105.093
1.94532e+13 105.048 105.095
2.13985e+13 105.05 105.098
2.35384e+13 105.053 105.1
2.58922e+13 105.055 105.103
2.84814e+13 105.057 105.105
3.13296e+13 105.059 105.107
3.44625e+13 105.061 105.11
3.79088e+13 105.063 105.112
4.16997e+13 105.066 105.115
4.58697e+13 105.068 105.117
5.04566e+13 105.07 105.12
5.55023e+13 105.072 105.122
6.10525e+13 105.074 105.125
6.71578e+13 105.077 105.127
7.38735e+13 105.079 105.13
8.12609e+13 105.081 105.132
8.9387e+13 105.084 105.135
9.83257e+13 105.086 105.137
1.08158e+14 105.088 105.14
1.18974e+14 105.091 105.142
1.30871e+14 105.093 105.145
1.43959e+14 105.095 105.148
1.58354e+14 105.098 105.15
1.7419e+14 105.1 105.153
1.91609e+14 105.103 105.156
2.1077e+14 105.105 105.158
2.31847e+14 105.108 105.161
2.55031e+14 105.11 105.164
2.80535e+14 105.112 105.166
3.08588e+14 105.115 105.169
3.39447e+14 105.118 105.172
3.73392e+14 105.12 105.175
4.10731e+14 105.123 105.177
4.51804e+14 105.125 105.18
4.96984e+14 105.128 105.183
5.46683e+14 105.13 105.186
6.01351e+14 105.133 105.189
6.61486e+14 105.136 105.192
7.27635e+14 105.138 105.195
8.00398e+14 105.141 105.197
8.80438e+14 105.144 105.2
9.68482e+14 105.147 105.203
