1.000000e-06 3.383000e+00 3.931000e+00
1.100000e-06 3.383000e+00 3.931000e+00
1.210000e-06 3.383000e+00 3.931000e+00
1.331000e-06 3.383000e+00 3.931000e+00
1.464100e-06 3.383000e+00 3.931000e+00
1.610510e-06 3.383000e+00 3.931000e+00
1.771561e-06 3.383000e+00 3.931000e+00
1.948717e-06 3.383000e+00 3.931000e+00
2.143589e-06 3.383000e+00 3.931000e+00
2.357948e-06 3.383000e+00 3.931000e+00
2.593742e-06 3.383000e+00 3.931000e+00
2.853117e-06 3.383000e+00 3.931000e+00
3.138428e-06 3.383000e+00 3.931000e+00
3.452271e-06 3.383000e+00 3.931000e+00
3.797498e-06 3.383000e+00 3.931000e+00
4.177248e-06 3.383000e+00 3.931000e+00
4.594973e-06 3.383000e+00 3.931000e+00
5.054470e-06 3.383000e+00 3.931000e+00
5.559917e-06 3.383000e+00 3.931000e+00
6.115909e-06 3.383000e+00 3.931000e+00
6.727500e-06 3.383000e+00 3.931000e+00
7.400250e-06 3.383000e+00 3.931000e+00
8.140275e-06 3.383000e+00 3.931000e+00
8.954302e-06 3.383000e+00 3.931000e+00
9.849733e-06 3.383000e+00 3.931000e+00
1.083471e-05 3.383000e+00 3.931000e+00
1.191818e-05 3.383000e+00 3.931000e+00
1.310999e-05 3.383000e+00 3.931000e+00
1.442099e-05 3.383000e+00 3.931000e+00
1.586309e-05 3.383000e+00 3.931000e+00
1.744940e-05 3.383000e+00 3.931000e+00
1.919434e-05 3.383000e+00 3.931000e+00
2.111378e-05 3.383000e+00 3.931000e+00
2.322515e-05 3.383001e+00 3.931001e+00
2.554767e-05 3.383004e+00 3.931004e+00
2.810244e-05 3.383023e+00 3.931021e+00
3.091268e-05 3.383101e+00 3.931093e+00
3.400395e-05 3.383379e+00 3.931347e+00
3.740434e-05 3.384234e+00 3.932129e+00
4.114478e-05 3.386539e+00 3.934240e+00
4.525926e-05 3.392051e+00 3.939293e+00
4.978518e-05 3.403874e+00 3.950152e+00
5.476370e-05 3.426849e+00 3.971300e+00
6.024007e-05 3.467674e+00 4.008974e+00
6.626408e-05 3.534590e+00 4.070875e+00
7.289048e-05 3.636561e+00 4.165401e+00
8.017953e-05 3.782078e+00 4.300485e+00
8.819749e-05 3.977821e+00 4.482290e+00
9.701723e-05 4.227472e+00 4.714064e+00
1.067190e-04 4.530947e+00 4.995420e+00
1.173909e-04 4.884176e+00 5.322208e+00
1.291299e-04 5.279462e+00 5.686953e+00
1.420429e-04 5.706316e+00 6.079733e+00
1.562472e-04 6.152582e+00 6.489295e+00
1.718719e-04 6.605657e+00 6.904183e+00
1.890591e-04 7.053595e+00 7.313713e+00
2.079651e-04 7.485967e+00 7.708688e+00
2.287616e-04 7.894409e+00 8.081816e+00
2.516377e-04 8.272853e+00 8.427862e+00
2.768015e-04 8.617497e+00 8.743572e+00
3.044816e-04 8.926575e+00 9.027449e+00
3.349298e-04 9.200013e+00 9.279449e+00
3.684228e-04 9.439043e+00 9.500639e+00
4.052651e-04 9.645818e+00 9.692875e+00
4.457916e-04 9.823071e+00 9.858514e+00
4.903707e-04 9.973830e+00 1.000017e+01
5.394078e-04 1.010120e+01 1.012055e+01
5.933486e-04 1.020821e+01 1.022229e+01
6.526834e-04 1.029769e+01 1.030788e+01
7.179518e-04 1.037223e+01 1.037960e+01
7.897470e-04 1.043414e+01 1.043953e+01
8.687217e-04 1.048545e+01 1.048946e+01
9.555938e-04 1.052789e+01 1.053100e+01
1.051153e-03 1.056297e+01 1.056551e+01
1.156269e-03 1.059195e+01 1.059414e+01
1.271895e-03 1.061590e+01 1.061790e+01
1.399085e-03 1.063569e+01 1.063759e+01
1.538993e-03 1.065206e+01 1.065394e+01
1.692893e-03 1.066561e+01 1.066750e+01
1.862182e-03 1.067686e+01 1.067877e+01
2.048400e-03 1.068621e+01 1.068813e+01
2.253240e-03 1.069399e+01 1.069593e+01
2.478564e-03 1.070049e+01 1.070243e+01
2.726421e-03 1.070593e+01 1.070786e+01
2.999063e-03 1.071049e+01 1.071241e+01
3.298969e-03 1.071432e+01 1.071621e+01
3.628866e-03 1.071756e+01 1.071941e+01
3.991753e-03 1.072030e+01 1.072210e+01
4.390928e-03 1.072262e+01 1.072437e+01
4.830021e-03 1.072460e+01 1.072629e+01
5.313023e-03 1.072629e+01 1.072792e+01
5.844325e-03 1.072775e+01 1.072931e+01
6.428757e-03 1.072904e+01 1.073053e+01
7.071633e-03 1.073029e+01 1.073168e+01
7.778796e-03 1.073175e+01 1.073298e+01
8.556676e-03 1.073400e+01 1.073490e+01
9.412344e-03 1.073817e+01 1.073840e+01
1.035358e-02 1.074632e+01 1.074517e+01
1.138894e-02 1.076172e+01 1.075796e+01
1.252783e-02 1.078909e+01 1.078078e+01
1.378061e-02 1.083451e+01 1.081888e+01
1.515867e-02 1.090506e+01 1.087849e+01
1.667454e-02 1.100806e+01 1.096625e+01
1.834200e-02 1.115005e+01 1.108833e+01
2.017619e-02 1.133573e+01 1.124961e+01
2.219381e-02 1.156715e+01 1.145281e+01
2.441320e-02 1.184318e+01 1.169800e+01
2.685451e-02 1.215948e+01 1.198245e+01
2.953997e-02 1.250897e+01 1.230084e+01
3.249396e-02 1.288259e+01 1.264587e+01
3.574336e-02 1.327036e+01 1.300907e+01
3.931770e-02 1.366250e+01 1.338173e+01
4.324946e-02 1.405047e+01 1.375585e+01
4.757441e-02 1.442803e+01 1.412510e+01
5.233185e-02 1.479214e+01 1.448567e+01
5.756504e-02 1.514394e+01 1.483723e+01
6.332154e-02 1.548983e+01 1.518392e+01
6.965370e-02 1.584276e+01 1.553559e+01
7.661907e-02 1.622381e+01 1.590918e+01
8.428097e-02 1.666378e+01 1.633034e+01
9.270907e-02 1.720555e+01 1.683538e+01
1.019800e-01 1.790858e+01 1.747518e+01
1.121780e-01 1.886201e+01 1.832532e+01
1.233958e-01 2.024472e+01 1.944264e+01
1.357353e-01 2.275773e+01 2.170971e+01
1.493089e-01 2.652722e+01 2.512734e+01
1.642398e-01 3.103267e+01 2.921600e+01
1.806637e-01 3.557771e+01 3.336841e+01
1.987301e-01 3.968788e+01 3.720075e+01
2.186031e-01 4.320992e+01 4.060272e+01
2.404634e-01 4.619020e+01 4.360626e+01
2.645098e-01 4.874225e+01 4.627852e+01
2.909608e-01 5.097745e+01 4.868223e+01
3.200568e-01 5.298291e+01 5.086908e+01
3.520625e-01 5.482052e+01 5.288058e+01
3.872688e-01 5.653220e+01 5.474935e+01
4.259957e-01 5.814556e+01 5.650037e+01
4.685952e-01 5.967848e+01 5.815226e+01
5.154548e-01 6.114230e+01 5.971858e+01
5.670002e-01 6.254408e+01 6.120901e+01
6.237003e-01 6.388806e+01 6.263038e+01
6.860703e-01 6.517665e+01 6.398741e+01
7.546773e-01 6.641109e+01 6.528332e+01
8.301450e-01 6.759191e+01 6.652032e+01
9.131595e-01 6.871921e+01 6.769987e+01
1.004475e+00 6.979286e+01 6.882294e+01
1.104923e+00 7.081266e+01 6.989021e+01
1.215415e+00 7.177839e+01 7.090214e+01
1.336957e+00 7.268990e+01 7.185912e+01
1.470653e+00 7.354715e+01 7.276147e+01
1.617718e+00 7.435021e+01 7.360950e+01
1.779490e+00 7.509929e+01 7.440358e+01
1.957439e+00 7.579474e+01 7.514410e+01
2.153182e+00 7.643706e+01 7.583153e+01
2.368501e+00 7.702688e+01 7.646640e+01
2.605351e+00 7.756498e+01 7.704931e+01
2.865886e+00 7.805225e+01 7.758096e+01
3.152474e+00 7.848976e+01 7.806212e+01
3.467722e+00 7.887868e+01 7.849369e+01
3.814494e+00 7.922035e+01 7.887666e+01
4.195943e+00 7.951631e+01 7.921218e+01
4.615538e+00 7.976826e+01 7.950158e+01
5.077092e+00 7.997819e+01 7.974641e+01
5.584801e+00 8.014841e+01 7.994852e+01
6.143281e+00 8.028164e+01 8.011014e+01
6.757609e+00 8.038113e+01 8.023404e+01
7.433370e+00 8.045084e+01 8.032361e+01
8.176707e+00 8.049561e+01 8.038313e+01
8.994377e+00 8.052144e+01 8.041802e+01
9.893815e+00 8.053575e+01 8.043508e+01
1.088320e+01 8.054775e+01 8.044290e+01
1.197152e+01 8.056878e+01 8.045225e+01
1.316867e+01 8.061272e+01 8.047646e+01
1.448553e+01 8.069624e+01 8.053177e+01
1.593409e+01 8.083896e+01 8.063758e+01
1.752750e+01 8.106326e+01 8.081632e+01
1.928025e+01 8.139362e+01 8.109296e+01
2.120827e+01 8.185527e+01 8.149369e+01
2.332910e+01 8.247196e+01 8.204388e+01
2.566201e+01 8.326290e+01 8.276506e+01
2.822821e+01 8.423916e+01 8.367122e+01
3.105103e+01 8.540003e+01 8.476506e+01
3.415613e+01 8.673046e+01 8.603506e+01
3.757175e+01 8.820039e+01 8.745450e+01
4.132892e+01 8.976682e+01 8.898302e+01
4.546181e+01 9.137836e+01 9.057092e+01
5.000799e+01 9.298149e+01 9.216518e+01
5.500879e+01 9.452681e+01 9.371580e+01
6.050967e+01 9.597404e+01 9.518097e+01
6.656064e+01 9.729473e+01 9.653014e+01
7.321670e+01 9.847273e+01 9.774476e+01
8.053838e+01 9.950282e+01 9.881720e+01
8.859221e+01 1.003883e+02 9.974864e+01
9.745143e+01 1.011384e+02 1.005465e+02
1.071966e+02 1.017660e+02 1.012219e+02
1.179162e+02 1.022853e+02 1.017882e+02
1.297079e+02 1.027108e+02 1.022591e+02
1.426786e+02 1.030564e+02 1.026479e+02
1.569465e+02 1.033348e+02 1.029667e+02
1.726412e+02 1.035570e+02 1.032267e+02
1.899053e+02 1.037328e+02 1.034375e+02
2.088958e+02 1.038705e+02 1.036073e+02
2.297854e+02 1.039770e+02 1.037433e+02
2.527639e+02 1.040583e+02 1.038513e+02
2.780403e+02 1.041190e+02 1.039365e+02
3.058443e+02 1.041634e+02 1.040029e+02
3.364288e+02 1.041946e+02 1.040541e+02
3.700717e+02 1.042153e+02 1.040929e+02
4.070788e+02 1.042279e+02 1.041217e+02
4.477867e+02 1.042341e+02 1.041424e+02
4.925654e+02 1.042353e+02 1.041566e+02
5.418219e+02 1.042328e+02 1.041658e+02
5.960041e+02 1.042276e+02 1.041709e+02
6.556045e+02 1.042203e+02 1.041729e+02
7.211650e+02 1.042118e+02 1.041725e+02
7.932815e+02 1.042024e+02 1.041704e+02
8.726096e+02 1.041926e+02 1.041669e+02
9.598706e+02 1.041826e+02 1.041626e+02
1.055858e+03 1.041728e+02 1.041577e+02
1.161443e+03 1.041634e+02 1.041525e+02
1.277588e+03 1.041544e+02 1.041472e+02
1.405347e+03 1.041460e+02 1.041420e+02
1.545881e+03 1.041384e+02 1.041370e+02
1.700469e+03 1.041314e+02 1.041323e+02
1.870516e+03 1.041252e+02 1.041281e+02
2.057568e+03 1.041199e+02 1.041243e+02
2.263325e+03 1.041153e+02 1.041210e+02
2.489657e+03 1.041116e+02 1.041182e+02
2.738623e+03 1.041086e+02 1.041160e+02
3.012485e+03 1.041064e+02 1.041144e+02
3.313734e+03 1.041050e+02 1.041133e+02
3.645107e+03 1.041043e+02 1.041128e+02
4.009618e+03 1.041043e+02 1.041129e+02
4.410579e+03 1.041049e+02 1.041135e+02
4.851637e+03 1.041063e+02 1.041146e+02
5.336801e+03 1.041082e+02 1.041162e+02
5.870481e+03 1.041107e+02 1.041184e+02
6.457529e+03 1.041137e+02 1.041210e+02
7.103282e+03 1.041173e+02 1.041240e+02
7.813610e+03 1.041213e+02 1.041275e+02
8.594971e+03 1.041258e+02 1.041314e+02
9.454469e+03 1.041307e+02 1.041357e+02
1.039992e+04 1.041360e+02 1.041403e+02
1.143991e+04 1.041416e+02 1.041453e+02
1.258390e+04 1.041476e+02 1.041506e+02
1.384229e+04 1.041539e+02 1.041562e+02
1.522652e+04 1.041605e+02 1.041621e+02
1.674917e+04 1.041674e+02 1.041683e+02
1.842408e+04 1.041745e+02 1.041747e+02
2.026649e+04 1.041818e+02 1.041813e+02
2.229314e+04 1.041893e+02 1.041881e+02
2.452246e+04 1.041970e+02 1.041952e+02
2.697470e+04 1.042048e+02 1.042023e+02
2.967217e+04 1.042128e+02 1.042097e+02
3.263939e+04 1.042209e+02 1.042172e+02
3.590333e+04 1.042291e+02 1.042248e+02
3.949366e+04 1.042374e+02 1.042325e+02
4.344303e+04 1.042459e+02 1.042404e+02
4.778733e+04 1.042543e+02 1.042483e+02
5.256606e+04 1.042629e+02 1.042563e+02
5.782267e+04 1.042714e+02 1.042644e+02
6.360494e+04 1.042800e+02 1.042725e+02
6.996543e+04 1.042887e+02 1.042807e+02
7.696197e+04 1.042973e+02 1.042890e+02
8.465817e+04 1.043060e+02 1.042972e+02
9.312399e+04 1.043146e+02 1.043055e+02
1.024364e+05 1.043233e+02 1.043138e+02
1.126800e+05 1.043319e+02 1.043221e+02
1.239480e+05 1.043405e+02 1.043304e+02
1.363428e+05 1.043491e+02 1.043387e+02
1.499771e+05 1.043577e+02 1.043470e+02
1.649748e+05 1.043662e+02 1.043552e+02
1.814723e+05 1.043746e+02 1.043635e+02
1.996195e+05 1.043830e+02 1.043717e+02
2.195815e+05 1.043914e+02 1.043799e+02
2.415396e+05 1.043997e+02 1.043880e+02
2.656936e+05 1.044079e+02 1.043961e+02
2.922630e+05 1.044161e+02 1.044042e+02
3.214893e+05 1.044242e+02 1.044122e+02
3.536382e+05 1.044322e+02 1.044202e+02
3.890020e+05 1.044402e+02 1.044281e+02
4.279022e+05 1.044481e+02 1.044359e+02
4.706924e+05 1.044559e+02 1.044437e+02
5.177617e+05 1.044637e+02 1.044515e+02
5.695378e+05 1.044713e+02 1.044592e+02
6.264916e+05 1.044789e+02 1.044668e+02
6.891408e+05 1.044864e+02 1.044743e+02
7.580549e+05 1.044938e+02 1.044818e+02
8.338604e+05 1.045011e+02 1.044892e+02
9.172464e+05 1.045084e+02 1.044965e+02
1.008971e+06 1.045155e+02 1.045038e+02
1.109868e+06 1.045226e+02 1.045110e+02
1.220855e+06 1.045296e+02 1.045181e+02
1.342940e+06 1.045365e+02 1.045251e+02
1.477234e+06 1.045433e+02 1.045321e+02
1.624958e+06 1.045500e+02 1.045390e+02
1.787454e+06 1.045567e+02 1.045458e+02
1.966199e+06 1.045632e+02 1.045526e+02
2.162819e+06 1.045697e+02 1.045592e+02
2.379101e+06 1.045761e+02 1.045658e+02
2.617011e+06 1.045823e+02 1.045724e+02
2.878712e+06 1.045886e+02 1.045788e+02
3.166583e+06 1.045947e+02 1.045852e+02
3.483242e+06 1.046007e+02 1.045914e+02
3.831566e+06 1.046067e+02 1.045977e+02
4.214722e+06 1.046125e+02 1.046038e+02
4.636195e+06 1.046183e+02 1.046099e+02
5.099814e+06 1.046240e+02 1.046159e+02
5.609795e+06 1.046297e+02 1.046218e+02
6.170775e+06 1.046352e+02 1.046276e+02
6.787853e+06 1.046407e+02 1.046334e+02
7.466638e+06 1.046461e+02 1.046391e+02
8.213302e+06 1.046514e+02 1.046447e+02
9.034632e+06 1.046566e+02 1.046503e+02
9.938095e+06 1.046618e+02 1.046558e+02
1.093190e+07 1.046669e+02 1.046612e+02
1.202509e+07 1.046719e+02 1.046665e+02
1.322760e+07 1.046768e+02 1.046718e+02
1.455036e+07 1.046817e+02 1.046770e+02
1.600540e+07 1.046865e+02 1.046821e+02
1.760594e+07 1.046912e+02 1.046872e+02
1.936654e+07 1.046958e+02 1.046922e+02
2.130319e+07 1.047004e+02 1.046972e+02
2.343351e+07 1.047049e+02 1.047021e+02
2.577686e+07 1.047094e+02 1.047069e+02
2.835454e+07 1.047138e+02 1.047116e+02
3.119000e+07 1.047181e+02 1.047163e+02
3.430900e+07 1.047224e+02 1.047210e+02
3.773990e+07 1.047266e+02 1.047255e+02
4.151389e+07 1.047307e+02 1.047301e+02
4.566528e+07 1.047348e+02 1.047345e+02
5.023181e+07 1.047388e+02 1.047389e+02
5.525499e+07 1.047427e+02 1.047433e+02
6.078048e+07 1.047466e+02 1.047475e+02
6.685853e+07 1.047505e+02 1.047518e+02
7.354439e+07 1.047543e+02 1.047560e+02
8.089882e+07 1.047580e+02 1.047601e+02
8.898871e+07 1.047617e+02 1.047642e+02
9.788758e+07 1.047653e+02 1.047682e+02
1.076763e+08 1.047689e+02 1.047722e+02
1.184440e+08 1.047724e+02 1.047761e+02
1.302884e+08 1.047759e+02 1.047800e+02
1.433172e+08 1.047793e+02 1.047838e+02
1.576489e+08 1.047827e+02 1.047876e+02
1.734138e+08 1.047860e+02 1.047913e+02
1.907552e+08 1.047893e+02 1.047950e+02
2.098307e+08 1.047926e+02 1.047986e+02
2.308138e+08 1.047958e+02 1.048022e+02
2.538952e+08 1.047989e+02 1.048058e+02
2.792847e+08 1.048020e+02 1.048093e+02
3.072132e+08 1.048051e+02 1.048128e+02
3.379345e+08 1.048082e+02 1.048162e+02
3.717279e+08 1.048111e+02 1.048196e+02
4.089007e+08 1.048141e+02 1.048230e+02
4.497908e+08 1.048170e+02 1.048263e+02
4.947699e+08 1.048199e+02 1.048296e+02
5.442468e+08 1.048227e+02 1.048328e+02
5.986715e+08 1.048255e+02 1.048360e+02
6.585387e+08 1.048283e+02 1.048392e+02
7.243925e+08 1.048311e+02 1.048424e+02
7.968318e+08 1.048338e+02 1.048455e+02
8.765150e+08 1.048364e+02 1.048485e+02
9.641665e+08 1.048391e+02 1.048516e+02
1.060583e+09 1.048417e+02 1.048546e+02
1.166641e+09 1.048443e+02 1.048576e+02
1.283306e+09 1.048468e+02 1.048605e+02
1.411636e+09 1.048494e+02 1.048634e+02
1.552800e+09 1.048518e+02 1.048663e+02
1.708080e+09 1.048543e+02 1.048692e+02
1.878888e+09 1.048568e+02 1.048720e+02
2.066776e+09 1.048592e+02 1.048748e+02
2.273454e+09 1.048616e+02 1.048776e+02
2.500800e+09 1.048639e+02 1.048804e+02
2.750879e+09 1.048663e+02 1.048831e+02
3.025967e+09 1.048686e+02 1.048858e+02
3.328564e+09 1.048709e+02 1.048885e+02
3.661421e+09 1.048732e+02 1.048912e+02
4.027563e+09 1.048754e+02 1.048938e+02
4.430319e+09 1.048777e+02 1.048964e+02
4.873351e+09 1.048799e+02 1.048990e+02
5.360686e+09 1.048821e+02 1.049016e+02
5.896754e+09 1.048843e+02 1.049042e+02
6.486430e+09 1.048864e+02 1.049067e+02
7.135073e+09 1.048885e+02 1.049092e+02
7.848580e+09 1.048907e+02 1.049117e+02
8.633438e+09 1.048928e+02 1.049142e+02
9.496782e+09 1.048949e+02 1.049167e+02
1.044646e+10 1.048969e+02 1.049191e+02
1.149111e+10 1.048990e+02 1.049215e+02
1.264022e+10 1.049011e+02 1.049239e+02
1.390424e+10 1.049031e+02 1.049263e+02
1.529466e+10 1.049051e+02 1.049287e+02
1.682413e+10 1.049071e+02 1.049311e+02
1.850654e+10 1.049091e+02 1.049335e+02
2.035720e+10 1.049111e+02 1.049358e+02
2.239292e+10 1.049131e+02 1.049381e+02
2.463221e+10 1.049150e+02 1.049405e+02
2.709543e+10 1.049170e+02 1.049428e+02
2.980497e+10 1.049189e+02 1.049451e+02
3.278547e+10 1.049208e+02 1.049474e+02
3.606401e+10 1.049228e+02 1.049496e+02
3.967042e+10 1.049247e+02 1.049519e+02
4.363746e+10 1.049266e+02 1.049542e+02
4.800120e+10 1.049285e+02 1.049564e+02
5.280132e+10 1.049304e+02 1.049586e+02
5.808146e+10 1.049323e+02 1.049609e+02
6.388960e+10 1.049341e+02 1.049631e+02
7.027856e+10 1.049360e+02 1.049653e+02
7.730642e+10 1.049379e+02 1.049675e+02
8.503706e+10 1.049397e+02 1.049697e+02
9.354076e+10 1.049416e+02 1.049719e+02
1.028948e+11 1.049435e+02 1.049741e+02
1.131843e+11 1.049453e+02 1.049763e+02
1.245028e+11 1.049471e+02 1.049785e+02
1.369530e+11 1.049490e+02 1.049807e+02
1.506483e+11 1.049508e+02 1.049828e+02
1.657132e+11 1.049527e+02 1.049850e+02
1.822845e+11 1.049545e+02 1.049872e+02
2.005129e+11 1.049563e+02 1.049893e+02
2.205642e+11 1.049582e+02 1.049915e+02
2.426207e+11 1.049600e+02 1.049936e+02
2.668827e+11 1.049618e+02 1.049958e+02
2.935710e+11 1.049637e+02 1.049979e+02
3.229281e+11 1.049655e+02 1.050001e+02
3.552209e+11 1.049673e+02 1.050022e+02
3.907430e+11 1.049691e+02 1.050044e+02
4.298173e+11 1.049710e+02 1.050065e+02
4.727990e+11 1.049728e+02 1.050087e+02
5.200789e+11 1.049746e+02 1.050108e+02
5.720868e+11 1.049765e+02 1.050130e+02
6.292955e+11 1.049783e+02 1.050151e+02
6.922250e+11 1.049802e+02 1.050173e+02
7.614475e+11 1.049820e+02 1.050194e+02
8.375923e+11 1.049839e+02 1.050216e+02
9.213515e+11 1.049857e+02 1.050237e+02
1.013487e+12 1.049876e+02 1.050259e+02
1.114835e+12 1.049894e+02 1.050280e+02
1.226319e+12 1.049913e+02 1.050302e+02
1.348951e+12 1.049931e+02 1.050324e+02
1.483846e+12 1.049950e+02 1.050345e+02
1.632230e+12 1.049969e+02 1.050367e+02
1.795453e+12 1.049988e+02 1.050389e+02
1.974999e+12 1.050007e+02 1.050411e+02
2.172499e+12 1.050026e+02 1.050433e+02
2.389749e+12 1.050045e+02 1.050454e+02
2.628723e+12 1.050064e+02 1.050476e+02
2.891596e+12 1.050083e+02 1.050498e+02
3.180755e+12 1.050102e+02 1.050521e+02
3.498831e+12 1.050121e+02 1.050543e+02
3.848714e+12 1.050141e+02 1.050565e+02
4.233585e+12 1.050160e+02 1.050587e+02
4.656944e+12 1.050180e+02 1.050609e+02
5.122638e+12 1.050199e+02 1.050632e+02
5.634902e+12 1.050219e+02 1.050654e+02
6.198392e+12 1.050239e+02 1.050677e+02
6.818232e+12 1.050258e+02 1.050699e+02
7.500055e+12 1.050278e+02 1.050722e+02
8.250060e+12 1.050298e+02 1.050745e+02
9.075066e+12 1.050319e+02 1.050768e+02
9.982573e+12 1.050339e+02 1.050791e+02
1.098083e+13 1.050359e+02 1.050814e+02
1.207891e+13 1.050380e+02 1.050837e+02
1.328680e+13 1.050400e+02 1.050860e+02
1.461548e+13 1.050421e+02 1.050883e+02
1.607703e+13 1.050441e+02 1.050907e+02
1.768474e+13 1.050462e+02 1.050930e+02
1.945321e+13 1.050483e+02 1.050954e+02
2.139853e+13 1.050504e+02 1.050977e+02
2.353838e+13 1.050526e+02 1.051001e+02
2.589222e+13 1.050547e+02 1.051025e+02
2.848145e+13 1.050568e+02 1.051049e+02
3.132959e+13 1.050590e+02 1.051073e+02
3.446255e+13 1.050612e+02 1.051097e+02
3.790880e+13 1.050634e+02 1.051122e+02
4.169968e+13 1.050655e+02 1.051146e+02
4.586965e+13 1.050678e+02 1.051171e+02
5.045662e+13 1.050700e+02 1.051196e+02
5.550228e+13 1.050722e+02 1.051220e+02
6.105251e+13 1.050745e+02 1.051245e+02
6.715776e+13 1.050767e+02 1.051270e+02
7.387353e+13 1.050790e+02 1.051296e+02
8.126089e+13 1.050813e+02 1.051321e+02
8.938698e+13 1.050836e+02 1.051347e+02
9.832567e+13 1.050859e+02 1.051372e+02
1.081582e+14 1.050883e+02 1.051398e+02
1.189741e+14 1.050906e+02 1.051424e+02
1.308715e+14 1.050930e+02 1.051450e+02
1.439586e+14 1.050954e+02 1.051476e+02
1.583545e+14 1.050978e+02 1.051502e+02
1.741899e+14 1.051002e+02 1.051529e+02
1.916089e+14 1.051026e+02 1.051556e+02
2.107698e+14 1.051050e+02 1.051582e+02
2.318468e+14 1.051075e+02 1.051609e+02
2.550315e+14 1.051100e+02 1.051636e+02
2.805346e+14 1.051125e+02 1.051664e+02
3.085881e+14 1.051150e+02 1.051691e+02
3.394469e+14 1.051175e+02 1.051719e+02
3.733916e+14 1.051201e+02 1.051746e+02
4.107307e+14 1.051226e+02 1.051774e+02
4.518038e+14 1.051252e+02 1.051802e+02
4.969842e+14 1.051278e+02 1.051830e+02
5.466826e+14 1.051304e+02 1.051859e+02
6.013509e+14 1.051331e+02 1.051887e+02
6.614860e+14 1.051357e+02 1.051916e+02
7.276346e+14 1.051384e+02 1.051945e+02
8.003980e+14 1.051411e+02 1.051974e+02
8.804378e+14 1.051438e+02 1.052004e+02
9.684816e+14 1.051465e+02 1.052033e+02
